% # columns="iteration, evaluation, min max(neg(.)) min(pos(.)) max correlation, correlation matrix principle axes lengths  (sorted square roots of eigenvalues of correlation matrix)", seed=980348, Sun Mar 22 18:07:13 2020
1 6 -0.008046303994496415 -0.008046303994496415 0 0 1 1
2 12 0 0 0.03698689295326672 0.03698689295326672 1 1
3 18 0 0 0.1061124865240682 0.1061124865240682 1 1
4 24 -0.1107489571082193 -0.1107489571082193 0 0 1 1
5 30 -0.1406677551630412 -0.1406677551630412 0 0 1 1
6 36 0 0 0.06253309686338725 0.06253309686338725 1 1
7 42 0 0 0.10757530492325859 0.10757530492325858 1 1
8 48 0 0 0.1920200761983253 0.19202007619832534 1 1
9 54 0 0 0.34700673369791973 0.34700673369791973 1 1
