% # columns="iteration, evaluation, sigma, void, void,  stds==sigma*sqrt(diag(C))", seed=980348, Sun Mar 22 18:07:13 2020, <python>{}</python>
1 6 0.9744882548642775 0 0 0.937266245102183 0.9516072739373161
2 12 0.8744579014462377 0 0 0.7275554524584079 0.8170918509896568
3 18 0.8254863820128963 0 0 0.5662426529753177 0.8297069742529286
4 24 0.6767580197899014 0 0 0.41243499370404896 0.5876842707327709
5 30 0.5551263202931835 0 0 0.2889764283956057 0.4581174353747995
6 36 0.6563593629696765 0 0 0.3227245184425107 0.6352023706548132
7 42 0.5658734432352922 0 0 0.24115522236296097 0.49952431861994234
8 48 0.5167492913140955 0 0 0.18145168191917405 0.4602309932737888
9 54 0.43934349598741207 0 0 0.13338075879687605 0.37664468785514316
