% # columns="iteration, evaluation, void, void, void, xmean", seed=980348, Sun Mar 22 18:07:13 2020, <python>{}</python> # scaling_of_variables: 1, typical_x: 0
1 6 0 0 0 -0.37437372022483495 9.767653762341435
2 12 0 0 0 -0.321167834629278 9.285456018551589
3 18 0 0 0 -0.24499496314349867 8.82879562700842
4 24 0 0 0 -0.2605197437008356 8.75175746811266
5 30 0 0 0 -0.2543957287459728 9.120537224139147
6 36 0 0 0 -0.3946792594751771 8.45950589774496
7 42 0 0 0 -0.39683383297527686 8.482711256151392
8 48 0 0 0 -0.4419112430125962 8.249586808324775
9 54 0 0 0 -0.4812218975805318 8.175376638598427
