% # columns="iter, evals, sigma, 0, fitness, xbest" seed=980348, Sun Mar 22 18:07:13 2020, <python>{}</python>
1 6 0.9744882548642775 0 -43 -0.4555298052149226 9.137096207688836
2 12 0.8744579014462377 0 -44 -0.44849204030635015 9.22156140221022
3 18 0.8254863820128963 0 -45 -0.4697401521096661 8.196081471492018
4 24 0.6767580197899014 0 -46 -0.4009972023299191 8.651821287128007
5 30 0.5551263202931835 0 -41 -0.2514465980751295 9.121117653041065
6 36 0.6563593629696765 0 -43 -0.40468595995773804 8.331051158963543
7 42 0.5658734432352922 0 -46 -0.45937592759518714 8.329054376217993
8 48 0.5167492913140955 0 -46 -0.4595416521731898 8.106744765834874
9 54 0.43934349598741207 0 -46 -0.46115790829505404 8.397026265580998
