0.35244119277112784
0.1433228534874207
0.628447110822037
0.5152713103945228
0.21821324006914977
0.5720720558956565
0.8634935593338893
0.9106807170096337
0.16903015502752844
0.5280153239493768
0.7030211347114887
0.34439898347392117
0.8868616487997291
0.6805304633487308
0.8787691621485482
-0.09745957685417461
1.055471599982575
0.49021595835143184
0.17977013188363736
0.6027263101295627
0.39733694227729766
0.31782499565712097
0.1797432103792577
0.3075057081694134
0.2727993224383851
0.06209066862867485
-0.0879206626849384
0.1971150995201214
0.5600776154064974
0.37216460178661376
0.21353580726880672
1.0162048111435529
0.4252298682710196
0.9605313528427024
0.9789615152558377
0.4490651387549396
0.6324492241952797
0.27136943618767145
0.9067879622116184
0.11592702761315538
0.15831789810073643
0.49673501609459647
0.9050896836464214
0.8072943411546271
1.0465868590491059
0.8140798448203885
0.2240609644146982
1.1237397940891303
0.13706421349861403
0.19801184846174744
0.8281324235826484
0.8285958814366522
-0.12819753241208154
0.07383355576889496
0.92520065239615
0.4901148003604969
0.734935315795566
0.6792154152254062
0.4501488141479366
0.6648585573535821
0.20283968694565338
0.41191599261526224
0.5029701853527802
0.22639405987541877
0.7824395205164678
0.73835827093316
-0.015653655968125436
0.6971470406815801
0.09100280110866592
0.6699410266849933
0.9635862948811876
0.23115556847569013
0.523148540042798
0.07477226869267276
0.5646102729473224
1.0546940408799619
-0.017901418308282218
0.06651469250391667
0.15294116898853932
0.06949487248258929
0.5230693588432309
0.5582796517943563
0.7811163425170089
0.15974519958007538
0.6504302776827485
0.2159478509330187
0.05624822414758692
0.20296020883764737
0.5128652093218077
0.12234937595952597
0.8055469876202069
0.12552288941382145
0.014298655869888797
0.28406414550961934
0.94803127089024
0.10949994855202552
0.5395756612675882
0.947368613584263
0.5613747579438244
0.22955779487420946
0.11719661195347575
0.659599172507134
0.7783435226345957
0.15820991027079728
0.3612304874028205
0.41317345819686174
1.0287348719918832
0.4216722101576421
-0.09309667454292045
0.14579301113567542
0.22060354962134443
0.8387309899954766
0.2969435401119964
0.198121204436649
0.17515190786470727
0.7675924709973341
0.6660128929355629
1.1572830840717931
0.7081216131338088
0.6751528776173445
0.7798185094991822
0.8345764354007037
0.3611143759694999
0.49060385522640204
0.06539146723332233
0.23840655570170086
0.7941394765673118
0.1510093518401346
0.3349803848394293
0.5541158441636389
0.012326363007884894
0.7875693062790738
0.8192183446537188
0.445341165531531
0.6161242506575847
0.08257093984346339
0.20181540640707124
0.9875727787505417
0.32418302449097836
0.8424730461895665
-0.01310720287923902
0.09720654122167544
0.1639171569934821
0.2945378875006214
0.04745508952736954
0.454461135242397
0.9021394403189688
0.18914580794507554
0.17354124409518099
0.15553249754599247
0.9215601870110496
0.7645241830373309
0.1180665830036384
0.21835656086926453
0.10407105340314894
0.6410627701164137
0.05641463831628749
0.15502680424630663
0.3971414653176987
0.36446484291214615
0.7310181544928427
0.4075034602868589
0.37684819918449897
0.38390802426620674
1.1157299673605403
0.41925631492330223
0.11009455803405833
0.7113103186816124
0.5876171431587861
1.0040369438782286
0.8189541755764563
0.23190655437634394
0.1224359983734244
0.8347373867622463
0.32106032482973806
0.5297006824814955
0.4205998956024404
0.24894405590397278
0.6856875126009659
0.12193129101820988
0.717209456628836
0.7513454579024073
0.31479762465910366
0.46024338274190535
0.47453744353431604
1.0772696481878403
0.7087708638882538
0.9108081285846009
0.813218530676428
0.553374696940153
1.0139108876855103
0.7686114784356612
0.19070561217860013
0.057246001730239734
0.7106937651211002
0.5748874559511492
0.23535264192572192
0.8719106143085584
0.7176201395504256
0.3694484385873048
0.8154632750254642
0.6640911010576735
0.0887872430068129
0.5103063575046999
0.47584111208451174
0.9148691669530671
0.12832427888119688
0.005039405662036978
0.08295400272248632
0.4894280234665742
0.9339331453398138
0.28729747288343827
0.5025854825486997
0.20499223543203235
0.4894647963356752
0.6298896583065369
0.2856578960240087
0.16305604007365013
0.19998266508496446
0.7776162609880467
0.05923715464869146
0.8724516983519675
0.8378703108160614
0.7096578682955383
0.5549508841463143
0.4097548400635172
-0.022245795065445773
0.3621720121295734
0.3471052931531768
0.49854204145193143
0.8097762907465582
0.16927041154468983
0.9269541958706531
0.7448686998051098
0.41108236273051035
0.7005751833722684
0.9054615380031292
0.7717826695691593
0.1562938670538505
-0.009603677580933
0.9464820805371164
0.2707063263100458
0.34340942538748476
0.4856422110822819
0.05168650124135507
0.3850427362797379
0.8612887794943281
0.49933556702592863
0.7171611301418257
0.2946889370879803
0.3249436578379215
0.6636895683336641
0.5730715683809715
1.0398507258784389
0.5481650888501445
0.8624531250838343
0.3953727371065197
0.6208121415270871
0.10562135761964456
0.39591898828006167
-0.12339005234239073
0.2601499230895849
0.31473481617782184
0.5105147268221143
0.6449318116885329
-0.03337403891900244
0.34897960270518147
0.7187926176841205
1.0312603955767017
0.1857994587477694
0.8397785804368839
0.3155213313769498
0.6116272989576498
0.6506459735441527
0.3612979274881493
0.346975994085115
0.953658487199015
0.006756693846119655
0.9358648980424404
0.9329472208540901
0.3285064138361963
0.3096454380435557
0.6870398286836255
0.544315400149426
0.06353392408895547
0.2285974246562139
0.5467565639405574
0.6433450909960691
0.9646670397146356
0.7018574099009556
0.6067845511020852
0.6796089338063382
0.8304439787480715
0.05181712575274555
0.19908378211384498
0.8382332790782154
-0.029152320096317352
0.32232003664871695
0.5512396330591072
-0.10659913228640283
0.31352202184399625
0.7854911899728169
0.3076548933740052
0.6255293666498898
0.37520457118097716
0.9750655516686659
0.6148368201916384
0.8147604785499564
0.746333047407624
0.6438414723606958
0.3367849630203127
0.9031809886140729
0.8067922698421922
0.5730390861581942
0.24463928792192266
0.8819802991060333
0.23899036597085035
0.48676229622290307
0.9902157005520087
0.08078618126827213
0.7044267395341116
0.4878956830103589
0.900897525916218
1.0117070241543427
0.3288978567567368
0.6707878441285389
0.5943496460795537
0.4105793441399459
0.42448042369893285
1.1086783511778295
0.3296479039474808
0.8295986158474091
0.4894269322215652
0.677093530849028
0.472400678669901
0.14067350131644046
0.22758915081542713
0.30102066797431815
0.2842600385535556
0.24213909861256244
0.4666254213540051
0.9294140775081623
0.1613793041912318
0.31324192138912876
0.20552996333901924
0.3787739058315097
-0.01985674936024659
0.4588020764460814
0.2238447455677288
0.46792784812647364
0.5172238941422261
0.4020236380599897
0.8237967880992526
0.3620026880845688
0.14528112973428361
0.5330784336503718
0.55927876475239
0.304061511866477
0.9392201245468172
0.6029212254048769
0.1926456800567332
0.6105219775180679
0.626176902628375
0.50071413870467
0.5953786524978173
0.30447377110833307
0.7547633512966029
1.043033175003918
0.7903659703015111
0.6611253669683939
0.47925467389120135
0.6266611028145384
0.7210762842003076
0.7637762590561811
0.35541135949641184
0.6463248593002808
0.29288232122624835
0.8352219061616395
0.690236226690673
0.8197391671960657
0.5502675602056067
0.3854122663974402
0.49802381579474536
0.6877991616634793
0.2522354542586346
-0.10045638158621276
0.5664443240428721
0.4210290373713208
0.5469255111634577
0.5938133606660227
0.4461903801613849
0.9617674663775071
0.20064252794059795
0.06387139558606864
-0.2216138661600342
0.6745670157610849
0.19382660710981375
0.14135407586981724
0.3961832154042258
0.45362636650816957
0.6033380278584906
-0.021780925294751785
0.6686125784968981
1.0672615235116178
0.39025724903217696
0.4301617891188703
0.16416038306134872
-0.1330969966215015
0.2228246590527283
0.5798042091394191
0.5427284157172623
0.28632976387408937
0.6606046634593443
0.9961005427268658
0.3092561192199419
0.41550184145259983
0.4099696947316929
0.13381413312242293
0.4471999316222372
0.7959095157535114
0.162956260941232
0.9123165140687547
0.6687975830911861
0.7285119200427311
0.17413256216681142
0.9407955259118802
0.8537747988677666
0.15101658862710476
0.4555962502745774
0.6040907889947833
0.08006336661144539
0.47800354894332364
-0.08702056786173512
0.9749765498810653
0.394582156457593
0.4451322140312119
0.5666132785298927
0.7121913799490477
0.7588565748962897
0.9443685914393818
0.39077928278253826
