0.7966826127872545
0.3170339489998146
0.15426354970662448
0.05732651474746912
0.7394491210942955
0.29907606273624393
1.0417826802857295
0.4523438307643615
0.3484366247514023
0.188151425343886
0.8591195633733683
0.31048014861909634
0.19255450860478035
0.6139262534993394
0.7914136588870764
1.0347043181305988
0.6371193783796743
0.41643983407562196
0.5542129827695759
0.9445105053519471
0.1913572230457178
0.3598819506827947
0.7527427010717941
0.6015907295086295
0.27272097404213824
0.2154263124733316
0.22821743461464827
0.7527411079058215
0.10023757603643803
0.20296859725800837
0.1855734798699865
0.9015496588960666
0.5109739858994937
1.0694149890211226
0.09580076364864554
0.426956906170068
0.20548254073789218
0.669645550862346
0.2669037553309569
0.5934514468312029
0.585601839161631
0.9914377446052114
0.28858074582515864
0.5590294552461484
0.2079902662987184
0.8630359759440657
0.3547136612392785
0.12861617087088317
0.2711853303436899
0.22363577961115458
0.09195005189823038
0.8607992175511056
0.6515101074169103
0.781916795475712
0.2725709318884016
-0.03412795348451374
0.8470941856115323
0.6736274610887856
0.0026045071990313806
0.31399039577785204
0.6379385532619839
0.39821186743469583
0.43793291189991657
0.8201135943521829
0.5028456422075703
0.6868997202174923
0.4929257218058183
0.8084317301041258
-0.08353557992023333
0.3413593205540558
0.9946880820031682
0.4619161131114636
0.9240036088991693
-0.08511759954295606
-0.02631426894004818
0.2859607870664
0.21386289055834407
0.2275913174444294
0.15105116084361647
0.16501878015183813
0.24986655350753012
0.016559016556329076
0.9195762156541811
0.6351934479542993
0.21880183165255634
0.20281432375354227
0.4013117582272829
0.08728496765461352
0.220803293708498
0.5700983849974652
0.7967687583743753
0.995472478257782
0.21211124658325664
0.21234042558374555
-0.024299165598743566
0.7328503635337892
0.48689099220028775
0.6579349142488643
0.4084339778001247
0.45199615193772574
1.0111588918289458
0.1941191005097706
0.6633370423054422
0.5183491560470509
0.6531510474660238
0.772941230494616
0.7380727755669395
0.13950089858579467
0.6316796540803806
-0.0551818462987292
0.8362290800687865
0.08082361859256933
0.10062091316908259
0.3175555676660778
-0.10721007591261414
0.7538925767247318
0.7766309587850704
0.28887956611624244
0.7421163026596059
0.7163288067712749
0.23832972887890322
0.8910518437576536
0.5797666004930777
0.5696190999872307
0.0862515012385478
0.8912401063692155
0.79755349022485
0.9091304403246707
0.8562712534747507
0.2267941276200871
0.06839071759525156
0.5581521866768342
0.7817258321479182
1.0328867434015
0.2022583968882225
0.3805786480218674
0.47770028187515856
0.7631745607321592
0.033952173978104155
0.7456820961766841
0.5562651558824473
0.28869513563342913
0.631986412512977
-0.020894931271371042
0.30993958931694265
0.1388096399405561
0.8013800736607107
0.1657224271472782
-0.04378410071542116
0.33897194986651047
0.24426207061546903
0.2834517540659352
1.0273159404518404
0.5353665252196468
0.7911549817556647
0.7811023334160949
0.44839146914232436
0.18190754834319672
0.8938204676592602
0.7479079437383881
0.6049375390576128
0.6384630673265488
0.7113811128774472
0.8199306674175352
0.5261195059590409
0.6631675085485302
0.608972356806274
0.82782144478489
0.15011522654687678
0.7015064557874536
0.5358160320120342
0.24558792858092435
0.25497485554203936
0.04616670956854166
0.9886483706737416
0.4186390252026452
0.4635752881276024
0.1372067664228159
0.6302624585928999
0.7442723630563386
0.3280783159031958
0.7531031029521925
0.731102431175045
0.5673894321713624
0.9942723573492683
0.3125039900634144
0.38480876099176087
0.49321429054272753
0.06332889710447683
0.049820639145850276
0.9212356816867426
1.0676031414823584
0.17394449690438415
0.8189727966088739
0.3195252051050797
0.6925014953040334
0.18856226650014002
0.9527657341967936
0.09961512886806778
0.14019259926257308
0.12128858492718343
0.417194179083316
0.4679832121080783
0.43498032247297713
0.8611401592311689
0.6835974608734794
0.336117759008797
0.2566373370838439
0.8827367274992693
0.10696092729855403
0.881856690105517
0.4160102378937084
0.2311330183726041
0.4685086537834503
0.6215218899744929
0.4424709735758576
-0.014045988287232053
0.16173537170179064
0.5375676006757796
0.4924958846614054
0.12611238618094597
0.09382605858604182
0.7673781038844959
0.28092294253583266
1.0869869461113169
0.7596568912284206
1.0113493247396732
0.8244928286721132
1.0992670013528483
0.159876051378221
0.010416652217210998
0.9299744048809363
0.2961804096379175
0.4935998438915016
0.2889000478922541
0.8951214247643559
0.06883107449600388
0.7622247219241949
0.6988452196274174
1.0189420429146299
0.6400105973208019
1.0124736840212651
0.2519341853014553
0.014194994633360838
0.717979112119991
0.018649078488752746
0.35751668322241137
0.7139652032329844
0.41317392292633914
0.40410129123794625
0.1688658778883223
0.2547529103279973
0.20583282444065398
0.6042450147083565
0.6566369598659998
0.058061586114487376
0.7721833454303799
0.6269290357403032
0.8030540097109857
0.47451019795806004
0.025120644472333545
0.736098195998487
0.7337301072174364
0.27445811675965465
0.7665387778151094
0.43575073419540367
