0.8485458547046233
0.6652384968970557
0.059593242097882124
0.4400741449924357
0.34218794441585054
0.13930640534940888
0.13959264134322713
0.5105776819801631
0.4836231160757775
0.7977802256656151
0.5504655974944418
0.07224540414730111
0.5888289749514389
0.12951848156125542
0.5833115091251597
0.3446120412328976
0.48622613649786245
0.7761696642576824
0.8469925364699921
0.7323848162200043
0.1682313984715724
0.24885509541911344
0.8522133232260626
0.9335466153294106
0.21790792009003887
0.5735412721333476
0.5716371459895349
0.9689881063191376
0.9835656088060505
0.39849814942287126
0.9345516443871099
0.11648896777998613
0.6001264853927504
0.4403790735868757
0.4334812470980306
0.4639421301015176
0.5022071077291399
0.19240079188461467
0.98504626043218
0.17219934580610455
0.7786664241155
0.22297550998564736
0.12300118388262518
0.3271806847231862
0.6812282163069419
0.29900419511556364
0.5363396778770924
0.4376192848599833
0.8421687601005441
0.9490856763569367
0.010833786620979642
0.4615519954206107
0.46361624368200455
0.21490377954164613
0.5796776595494378
0.27044379059395857
0.8443473870097458
0.6335740431556617
0.1715574085318809
0.4664248402325715
0.3025145754671102
0.0008141231843089865
0.905419706931182
0.9366907042650353
0.5547362430786821
0.2583666075349644
0.2772722071455753
0.3394479952199256
0.4927690584986386
0.14675781693221993
0.9144887136261827
0.9693912930976609
0.5122420604781404
0.7246444205103777
0.20952421654736098
0.6808563961962323
0.7956023194761355
0.8356245760981014
0.026102482453595283
0.2099249133511411
0.20317127771870028
0.35508250040246436
0.8955746367601076
0.6784187792645554
0.44094963485692285
0.8247554912509731
0.7373820503239653
0.23499343762345565
0.03580895889131605
0.37908280880628176
0.16650562284226195
0.5640538647549677
0.35963707540766987
0.9070791664403437
0.4949746441855809
0.41492742920957376
0.32954087760635636
0.8692812471717201
0.5348703058989261
0.883867872560798
0.9489794364887377
0.557469122025212
0.1996512346521626
0.04477350758347898
0.9618043533860514
0.8390235271521894
0.9210455063180598
0.8942861541767179
0.18132957099327107
0.9412874812018031
0.2966076523283647
0.06632440543544287
0.8851992068037848
0.12651082525066015
0.27487102527080837
0.32975824179862784
0.3266954144585832
0.6522621942606358
0.05983270901689036
0.5207463499692845
0.42205418830321134
0.32011347818371055
